Rotation Matrix
0.9986759, -0.03069208, 0.04128487, 0
0.04128487, 0.9569668, -0.2872457, 0
-0.03069208, 0.2885698, 0.9569668, 0
0, 0, 0, 1

Image after Rotation
1.009269 , 0.711006 , 1.214845
-0.9880831 , 0.6284362 , 1.276229
-0.9266989 , -1.285497 , 0.6990891
1.070653 , -1.202928 , 0.6377049
0.9266989 , 1.285497 , -0.6990891
-1.070653 , 1.202928 , -0.6377049
-1.009269 , -0.711006 , -1.214845
0.9880831 , -0.6284362 , -1.276229

Scaling Matrix
8, 0, 0, 0
0, 3, 0, 0
0, 0, 1, 0
0, 0, 0, 1

Image after Scaling
8.074149 , 2.133018 , 1.214845
-7.904665 , 1.885309 , 1.276229
-7.413591 , -3.856492 , 0.6990891
8.565223 , -3.608783 , 0.6377049
7.413591 , 3.856492 , -0.6990891
-8.565223 , 3.608783 , -0.6377049
-8.074149 , -2.133018 , -1.214845
7.904665 , -1.885309 , -1.276229

Translation Matrix
1, 0, 0, 2
0, 1, 0, 1
0, 0, 1, 2
0, 0, 0, 1

Image after Translation
10.07415 , 3.133018 , 3.214845
-5.904665 , 2.885309 , 3.276229
-5.413591 , -2.856492 , 2.699089
10.56522 , -2.608783 , 2.637705
9.413591 , 4.856492 , 1.300911
-6.565223 , 4.608783 , 1.362295
-6.074149 , -1.133018 , 0.7851554
9.904665 , -0.8853086 , 0.7237712

Super Matrix
7.989407, -0.2455366, 0.3302789, 2
0.1238546, 2.8709, -0.8617371, 1
-0.03069208, 0.2885698, 0.9569668, 2
0, 0, 0, 1

Image after Super Matrix
10.07415 , 3.133018 , 3.214844
-5.904665 , 2.885309 , 3.276229
-5.413591 , -2.856492 , 2.699089
10.56522 , -2.608783 , 2.637705
9.413591 , 4.856492 , 1.300911
-6.565223 , 4.608783 , 1.362295
-6.074149 , -1.133018 , 0.7851554
9.904665 , -0.8853087 , 0.7237713
