Rotation Matrix
0.9986759, -0.03069208, 0.04128487, 0
0.04128487, 0.9569668, -0.2872457, 0
-0.03069208, 0.2885698, 0.9569668, 0
0, 0, 0, 1

Image after Rotation
1.009269 , 0.711006 , 1.214845
-0.9880831 , 0.6284362 , 1.276229
-0.9266989 , -1.285497 , 0.6990891
1.070653 , -1.202928 , 0.6377049
0.9266989 , 1.285497 , -0.6990891
-1.070653 , 1.202928 , -0.6377049
-1.009269 , -0.711006 , -1.214845
0.9880831 , -0.6284362 , -1.276229

Scaling Matrix
8, 0, 0, 0
0, 3, 0, 0
0, 0, 1, 0
0, 0, 0, 1

Image after Scaling
8.074149 , 2.133018 , 1.214845
-7.904665 , 1.885309 , 1.276229
-7.413591 , -3.856492 , 0.6990891
8.565223 , -3.608783 , 0.6377049
7.413591 , 3.856492 , -0.6990891
-8.565223 , 3.608783 , -0.6377049
-8.074149 , -2.133018 , -1.214845
7.904665 , -1.885309 , -1.276229

Translation Matrix
1, 0, 0, 2
0, 1, 0, 1
0, 0, 1, 2
0, 0, 0, 1

Image after Translation
10.07415 , 3.133018 , 3.214845
-5.904665 , 2.885309 , 3.276229
-5.413591 , -2.856492 , 2.699089
10.56522 , -2.608783 , 2.637705
9.413591 , 4.856492 , 1.300911
-6.565223 , 4.608783 , 1.362295
-6.074149 , -1.133018 , 0.7851554
9.904665 , -0.8853086 , 0.7237712

Super Matrix
7.989407, -0.2455366, 0.3302789, 2
0.1238546, 2.8709, -0.8617371, 1
-0.03069208, 0.2885698, 0.9569668, 2
0, 0, 0, 1

Image after Super Matrix
10.07415 , 3.133018 , 3.214844
-5.904665 , 2.885309 , 3.276229
-5.413591 , -2.856492 , 2.699089
10.56522 , -2.608783 , 2.637705
9.413591 , 4.856492 , 1.300911
-6.565223 , 4.608783 , 1.362295
-6.074149 , -1.133018 , 0.7851554
9.904665 , -0.8853087 , 0.7237713

Viewing Matrix
-0.9286457, 0.3262318, -0.1766064, -10
0.3170985, 0.9451389, 0.07849175, -4
0.1925241, 0.01688939, -0.9811469, -51
0, 0, 0, 1

Image after Viewing Matrix
-18.90099 , 2.407974 , -52.1618
-4.153982 , -2.888186 , -55.30252
-6.381247 , -8.204568 , -54.73869
-21.12825 , -2.908408 , -51.59798
-17.3873 , 3.677207 , -50.38202
-2.640292 , -1.618953 , -53.52274
-4.867558 , -6.935335 , -52.95891
-19.61456 , -1.639175 , -49.81819

Pespective Matrix
2.011844, 0, 0, 0
0, 2.414213, 0, 0
0, 0, -1.002002, -2.002002
0, 0, -1, 0

Image after Perspective Matrix
-38.02584 , 5.813363 , 50.26423
-8.357164 , -6.972697 , 53.41124
-12.83807 , -19.80758 , 52.84628
-42.50676 , -7.021517 , 49.69927
-34.98054 , 8.877562 , 48.48088
-5.311858 , -3.908498 , 51.62789
-9.792768 , -16.74338 , 51.06293
-39.46145 , -3.957318 , 47.91592

Mega Matrix
-14.83434, 2.240455, -1.522654, -23.90931
6.39303, 6.41744, -1.532099, -5.465008
-1.573503, 0.2824778, 0.8916742, 50.66358
-1.570359, 0.2819134, 0.8898926, 52.56036

Image after Mega Matrix
-38.02585 , 5.813363 , 50.26423
-8.357166 , -6.972697 , 53.41124
-12.83808 , -19.80758 , 52.84628
-42.50676 , -7.021517 , 49.69928
-34.98054 , 8.877562 , 48.48088
-5.311859 , -3.908499 , 51.62789
-9.792768 , -16.74338 , 51.06293
-39.46145 , -3.957318 , 47.91593
